<?xml version="1.0"?>
<opencv_storage>
<calibration_Time>"Wed Oct 14 18:09:54 2015"</calibration_Time>
<nrOfFrames>25</nrOfFrames>
<image_Width>640</image_Width>
<image_Height>480</image_Height>
<board_Width>9</board_Width>
<board_Height>6</board_Height>
<square_Size>28.</square_Size>
<FixAspectRatio>1.</FixAspectRatio>
<!-- flags:  +fix_aspectRatio +fix_principal_point +zero_tangent_dist -->
<flagValue>14</flagValue>
<Camera_Matrix type_id="opencv-matrix">
  <rows>3</rows>
  <cols>3</cols>
  <dt>d</dt>
  <data>
    5.3808455571158629e+02 0. 3.1950000000000000e+02 0.
    5.3808455571158629e+02 2.3950000000000000e+02 0. 0. 1.</data></Camera_Matrix>
<Distortion_Coefficients type_id="opencv-matrix">
  <rows>5</rows>
  <cols>1</cols>
  <dt>d</dt>
  <data>
    -8.8796493362787401e-02 -3.1136638952332402e-01 0. 0.
    6.0427472693280526e-01</data></Distortion_Coefficients>
<Avg_Reprojection_Error>3.4015140524114140e-01</Avg_Reprojection_Error>
<Per_View_Reprojection_Errors type_id="opencv-matrix">
  <rows>25</rows>
  <cols>1</cols>
  <dt>f</dt>
  <data>
    2.24341869e-01 2.81738341e-01 2.24731982e-01 2.60987878e-01
    3.13231319e-01 2.72857428e-01 3.64522070e-01 2.99124002e-01
    3.46675068e-01 3.25281590e-01 3.12540591e-01 3.68577361e-01
    2.84464985e-01 3.85115594e-01 3.94291282e-01 3.53228927e-01
    4.00879353e-01 3.84491563e-01 3.93490821e-01 2.65254050e-01
    3.88339370e-01 2.14303881e-01 3.07715088e-01 5.88080287e-01
    3.30675751e-01</data></Per_View_Reprojection_Errors>
<!-- a set of 6-tuples (rotation vector + translation vector) for each view -->
<Extrinsic_Parameters type_id="opencv-matrix">
  <rows>25</rows>
  <cols>6</cols>
  <dt>d</dt>
  <data>
    -4.3864415513853250e-01 -2.1986413736250566e-03
    1.0758828089647410e-01 -1.3031894526439842e+02
    -1.0860841170019275e+02 4.2811761125762587e+02
    -4.4419076610824437e-01 1.3989671009823890e-03
    1.0756739018956880e-01 -1.2591735736206239e+02
    -1.0706688743019956e+02 4.2963580153926472e+02
    -4.4531582724054503e-01 6.5315777576251963e-03
    1.1086610820849481e-01 -1.2374216728073291e+02
    -1.0674982055409652e+02 4.3171152083061509e+02
    -4.4921259140400055e-01 2.2759762495614569e-03
    1.0925724944859840e-01 -1.2518562514534105e+02
    -1.0506985258856893e+02 4.3215859470066823e+02
    -4.8393583976448329e-01 1.3160129303136703e-02
    1.0440147460084445e-01 -1.2348162776765666e+02
    -9.1314021875135978e+01 4.3586734970924522e+02
    -5.6233653233464509e-01 -2.3726354049192068e-04
    1.0112117373481511e-01 -1.2642897791922535e+02
    -8.4898859418133952e+01 4.2892482541318640e+02
    -6.2118734202474601e-01 4.4792875650282588e-03
    1.0506335110455590e-01 -1.2142537495936834e+02
    -7.2650020072606750e+01 4.2966036093583870e+02
    -6.8600834624591700e-01 7.9284951492290118e-03
    1.1333172749216661e-01 -1.1910155490265404e+02
    -7.0888812654497315e+01 4.2898085550571733e+02
    -7.2140445184775770e-01 2.5589538922398149e-02
    1.0050410037559918e-01 -1.1452622181105092e+02
    -7.7930777213536231e+01 4.2814543734307699e+02
    -7.7282783037056302e-01 2.7732481885663737e-02
    8.1399398820752839e-02 -1.1862688858706656e+02
    -8.2824880000564548e+01 4.2434782509499047e+02
    -8.1167265333835992e-01 4.0689851776312375e-02
    7.7671435235545996e-02 -1.1559616039701311e+02
    -8.1446191802445185e+01 4.2343117396574718e+02
    -8.6065053163357719e-01 9.6500630246246829e-03
    9.2680402895215827e-02 -1.2081332427042673e+02
    -8.8940603948361925e+01 4.1785952860676764e+02
    -9.1383912900942454e-01 1.4089940626742750e-02
    1.0636932909102378e-01 -1.1909941432238455e+02
    -8.1621126779483731e+01 4.2608386647030221e+02
    -9.8604295226462846e-01 2.0036673767251992e-02
    1.0530042719438268e-01 -1.1390735347003884e+02
    -6.8378471246945907e+01 4.2849889444006993e+02
    -1.0200626839613471e+00 3.9822629263489048e-02
    8.8921904785110958e-02 -1.1012626075172629e+02
    -6.2079961022462740e+01 4.3052474931471153e+02
    -1.0214718035137187e+00 3.3773516696048118e-02
    6.9575134515368856e-02 -1.1876385115152198e+02
    -6.5719506055959897e+01 4.3283563163348640e+02
    -1.0084547506234287e+00 4.3100442945843184e-02
    6.4329463412216431e-02 -1.1498735077590307e+02
    -6.0904065884958932e+01 4.3884779195233187e+02
    -9.6792854659639338e-01 3.3701503925036354e-02
    6.3924291477040193e-02 -1.1686012797819262e+02
    -6.0442770331937304e+01 4.5207090498337936e+02
    -8.7591460199896365e-01 3.6614100586501566e-02
    6.8321769206645580e-02 -1.0831415584413708e+02
    -7.2980829861745974e+01 4.6152803718776659e+02
    -7.9211617891856656e-01 3.4975290126314319e-02
    5.9180788189875592e-02 -1.0835535544992970e+02
    -6.2512514616310369e+01 4.6471752485442585e+02
    -6.8845865571446418e-01 2.0171625908964798e-02
    4.2924921326148391e-02 -1.0971558700120042e+02
    -6.4625195033690318e+01 4.6798411014041085e+02
    -5.6791940162911825e-01 5.8389812065848250e-02
    2.6874794594003569e-02 -1.0496760105019158e+02
    -6.0829384981521073e+01 4.6103174793752498e+02
    -4.2287589859343000e-01 5.5699343014000702e-02
    7.1665504461062004e-03 -1.0432907944423206e+02
    -6.8379516746400526e+01 4.3800747194348168e+02
    -3.2017303138717362e-01 5.5885474559644960e-02
    -1.1588166648504853e-02 -1.0806395344474500e+02
    -8.4030985786648955e+01 4.2443580018173367e+02
    -1.0849855055503499e-01 9.2072650044440124e-02
    -2.0384111561025989e-02 -1.0340257632757053e+02
    -9.4900677531886245e+01 4.0016192065627672e+02</data></Extrinsic_Parameters>
